{
    "0000": {
        "K": [
            [
                1100.0,
                0.0,
                512.0
            ],
            [
                0.0,
                1100.0,
                512.0
            ],
            [
                0.0,
                0.0,
                1.0
            ]
        ],
        "R": [
            [
                1.0,
                -1.2315599651202547e-09,
                1.4917935331482113e-08
            ],
            [
                1.5884548121292141e-09,
                -0.8660253286361694,
                -0.4999999701976776
            ],
            [
                1.1078623352034356e-08,
                0.5000000596046448,
                -0.8660253882408142
            ]
        ],
        "T": [
            -4.5259550773835144e-08,
            7.450579886381092e-08,
            2.500000238418579
        ],
        "height": 1024,
        "weight": 1024
    },
    "0001": {
        "K": [
            [
                1100.0,
                0.0,
                512.0
            ],
            [
                0.0,
                1100.0,
                512.0
            ],
            [
                0.0,
                0.0,
                1.0
            ]
        ],
        "R": [
            [
                0.9781476855278015,
                -1.871566013278425e-09,
                -0.2079116851091385
            ],
            [
                -0.10395585000514984,
                -0.8660253286361694,
                -0.48907381296157837
            ],
            [
                -0.18005679547786713,
                0.4999999701976776,
                -0.8471006751060486
            ]
        ],
        "T": [
            2.513785624103093e-08,
            -2.2564229595900542e-08,
            2.5
        ],
        "height": 1024,
        "weight": 1024
    },
    "0002": {
        "K": [
            [
                1100.0,
                0.0,
                512.0
            ],
            [
                0.0,
                1100.0,
                512.0
            ],
            [
                0.0,
                0.0,
                1.0
            ]
        ],
        "R": [
            [
                0.9135454893112183,
                -1.4799712566571088e-08,
                -0.40673667192459106
            ],
            [
                -0.20336830615997314,
                -0.8660253882408142,
                -0.45677271485328674
            ],
            [
                -0.35224422812461853,
                0.5,
                -0.7911535501480103
            ]
        ],
        "T": [
            1.3463768766541762e-07,
            -1.3660926612146795e-08,
            2.5
        ],
        "height": 1024,
        "weight": 1024
    },
    "0003": {
        "K": [
            [
                1100.0,
                0.0,
                512.0
            ],
            [
                0.0,
                1100.0,
                512.0
            ],
            [
                0.0,
                0.0,
                1.0
            ]
        ],
        "R": [
            [
                0.80901700258255,
                -5.511959777493303e-09,
                -0.5877851843833923
            ],
            [
                -0.29389259219169617,
                -0.8660253286361694,
                -0.404508501291275
            ],
            [
                -0.5090368986129761,
                0.4999999701976776,
                -0.7006292343139648
            ]
        ],
        "T": [
            2.0380883825055207e-07,
            -1.1390621779128196e-08,
            2.5
        ],
        "height": 1024,
        "weight": 1024
    },
    "0004": {
        "K": [
            [
                1100.0,
                0.0,
                512.0
            ],
            [
                0.0,
                1100.0,
                512.0
            ],
            [
                0.0,
                0.0,
                1.0
            ]
        ],
        "R": [
            [
                0.6691306829452515,
                2.258073283911699e-09,
                -0.7431448101997375
            ],
            [
                -0.3715724050998688,
                -0.866025447845459,
                -0.33456531167030334
            ],
            [
                -0.6435823440551758,
                0.5,
                -0.5794841051101685
            ]
        ],
        "T": [
            8.417818264661037e-08,
            -6.67297186396354e-08,
            2.5
        ],
        "height": 1024,
        "weight": 1024
    },
    "0005": {
        "K": [
            [
                1100.0,
                0.0,
                512.0
            ],
            [
                0.0,
                1100.0,
                512.0
            ],
            [
                0.0,
                0.0,
                1.0
            ]
        ],
        "R": [
            [
                0.5,
                1.6177544637230312e-08,
                -0.866025447845459
            ],
            [
                -0.4330126643180847,
                -0.8660253882408142,
                -0.2499999701976776
            ],
            [
                -0.75,
                0.5,
                -0.4330126941204071
            ]
        ],
        "T": [
            1.4009958704264136e-07,
            -2.305571769056769e-07,
            2.499999761581421
        ],
        "height": 1024,
        "weight": 1024
    },
    "0006": {
        "K": [
            [
                1100.0,
                0.0,
                512.0
            ],
            [
                0.0,
                1100.0,
                512.0
            ],
            [
                0.0,
                0.0,
                1.0
            ]
        ],
        "R": [
            [
                0.30901700258255005,
                -2.408111043905592e-09,
                -0.9510565400123596
            ],
            [
                -0.4755282402038574,
                -0.8660253882408142,
                -0.15450850129127502
            ],
            [
                -0.8236390948295593,
                0.5,
                -0.2676165699958801
            ]
        ],
        "T": [
            -2.0565110503412143e-08,
            -9.778788445657938e-09,
            2.499999761581421
        ],
        "height": 1024,
        "weight": 1024
    },
    "0007": {
        "K": [
            [
                1100.0,
                0.0,
                512.0
            ],
            [
                0.0,
                1100.0,
                512.0
            ],
            [
                0.0,
                0.0,
                1.0
            ]
        ],
        "R": [
            [
                0.10452845692634583,
                4.05412459159038e-09,
                -0.9945219159126282
            ],
            [
                -0.4972608685493469,
                -0.8660253882408142,
                -0.05226421356201172
            ],
            [
                -0.8612812757492065,
                0.5,
                -0.09052430838346481
            ]
        ],
        "T": [
            6.879042757645948e-08,
            -2.215675607430967e-07,
            2.499999761581421
        ],
        "height": 1024,
        "weight": 1024
    },
    "0008": {
        "K": [
            [
                1100.0,
                0.0,
                512.0
            ],
            [
                0.0,
                1100.0,
                512.0
            ],
            [
                0.0,
                0.0,
                1.0
            ]
        ],
        "R": [
            [
                -0.10452844202518463,
                -1.2485267042450232e-08,
                -0.9945218563079834
            ],
            [
                -0.4972609281539917,
                -0.8660253882408142,
                0.05226422846317291
            ],
            [
                -0.8612812161445618,
                0.5000000596046448,
                0.09052427858114243
            ]
        ],
        "T": [
            -1.2065878252087714e-07,
            1.3444337199075562e-08,
            2.499999761581421
        ],
        "height": 1024,
        "weight": 1024
    },
    "0009": {
        "K": [
            [
                1100.0,
                0.0,
                512.0
            ],
            [
                0.0,
                1100.0,
                512.0
            ],
            [
                0.0,
                0.0,
                1.0
            ]
        ],
        "R": [
            [
                -0.30901700258255005,
                1.5346127923976383e-08,
                -0.9510565400123596
            ],
            [
                -0.47552821040153503,
                -0.8660253882408142,
                0.15450848639011383
            ],
            [
                -0.8236390352249146,
                0.5,
                0.2676165699958801
            ]
        ],
        "T": [
            -6.799755425390686e-08,
            -2.802074732244364e-07,
            2.499999761581421
        ],
        "height": 1024,
        "weight": 1024
    },
    "0010": {
        "K": [
            [
                1100.0,
                0.0,
                512.0
            ],
            [
                0.0,
                1100.0,
                512.0
            ],
            [
                0.0,
                0.0,
                1.0
            ]
        ],
        "R": [
            [
                -0.5,
                9.63202406722985e-09,
                -0.8660253882408142
            ],
            [
                -0.4330127239227295,
                -0.8660253286361694,
                0.2499999701976776
            ],
            [
                -0.75,
                0.4999999701976776,
                0.43301263451576233
            ]
        ],
        "T": [
            -9.83189991643485e-08,
            -1.4633703138144938e-08,
            2.5
        ],
        "height": 1024,
        "weight": 1024
    },
    "0011": {
        "K": [
            [
                1100.0,
                0.0,
                512.0
            ],
            [
                0.0,
                1100.0,
                512.0
            ],
            [
                0.0,
                0.0,
                1.0
            ]
        ],
        "R": [
            [
                -0.6691306233406067,
                -4.9297472770604145e-09,
                -0.7431448101997375
            ],
            [
                -0.3715724050998688,
                -0.866025447845459,
                0.33456528186798096
            ],
            [
                -0.643582284450531,
                0.5,
                0.5794841051101685
            ]
        ],
        "T": [
            -2.7247617140346847e-07,
            2.1023245366791343e-08,
            2.5
        ],
        "height": 1024,
        "weight": 1024
    },
    "0012": {
        "K": [
            [
                1100.0,
                0.0,
                512.0
            ],
            [
                0.0,
                1100.0,
                512.0
            ],
            [
                0.0,
                0.0,
                1.0
            ]
        ],
        "R": [
            [
                -0.80901700258255,
                3.1650786436188127e-09,
                -0.5877852439880371
            ],
            [
                -0.29389265179634094,
                -0.8660253882408142,
                0.4045085310935974
            ],
            [
                -0.5090368986129761,
                0.4999999701976776,
                0.7006292343139648
            ]
        ],
        "T": [
            -9.851097360069616e-08,
            1.189553060498838e-07,
            2.500000238418579
        ],
        "height": 1024,
        "weight": 1024
    },
    "0013": {
        "K": [
            [
                1100.0,
                0.0,
                512.0
            ],
            [
                0.0,
                1100.0,
                512.0
            ],
            [
                0.0,
                0.0,
                1.0
            ]
        ],
        "R": [
            [
                -0.9135454297065735,
                3.0106048765077276e-09,
                -0.4067366421222687
            ],
            [
                -0.20336832106113434,
                -0.8660253882408142,
                0.45677271485328674
            ],
            [
                -0.3522442579269409,
                0.5,
                0.7911535501480103
            ]
        ],
        "T": [
            -1.711949408900182e-07,
            7.069883878330074e-08,
            2.500000476837158
        ],
        "height": 1024,
        "weight": 1024
    },
    "0014": {
        "K": [
            [
                1100.0,
                0.0,
                512.0
            ],
            [
                0.0,
                1100.0,
                512.0
            ],
            [
                0.0,
                0.0,
                1.0
            ]
        ],
        "R": [
            [
                -0.978147566318512,
                8.951901442344479e-10,
                -0.2079116702079773
            ],
            [
                -0.10395583510398865,
                -0.8660253882408142,
                0.48907381296157837
            ],
            [
                -0.18005679547786713,
                0.5,
                0.8471006751060486
            ]
        ],
        "T": [
            -4.411242215951461e-08,
            9.011633750333203e-08,
            2.500000476837158
        ],
        "height": 1024,
        "weight": 1024
    },
    "0015": {
        "K": [
            [
                1100.0,
                0.0,
                512.0
            ],
            [
                0.0,
                1100.0,
                512.0
            ],
            [
                0.0,
                0.0,
                1.0
            ]
        ],
        "R": [
            [
                -1.0,
                -4.639860051725009e-09,
                -6.501054361507386e-09
            ],
            [
                -5.5739457494041744e-09,
                -0.866025447845459,
                0.5
            ],
            [
                -8.777599092013588e-09,
                0.5,
                0.8660253882408142
            ]
        ],
        "T": [
            1.5457224833426153e-08,
            1.5971011180226924e-08,
            2.500000238418579
        ],
        "height": 1024,
        "weight": 1024
    },
    "0016": {
        "K": [
            [
                1100.0,
                0.0,
                512.0
            ],
            [
                0.0,
                1100.0,
                512.0
            ],
            [
                0.0,
                0.0,
                1.0
            ]
        ],
        "R": [
            [
                -0.9781476855278015,
                -9.159334624087023e-09,
                0.2079116702079773
            ],
            [
                0.10395584255456924,
                -0.8660253882408142,
                0.48907381296157837
            ],
            [
                0.18005681037902832,
                0.5,
                0.8471006751060486
            ]
        ],
        "T": [
            -2.0033125380791716e-08,
            7.829939363546146e-08,
            2.500000238418579
        ],
        "height": 1024,
        "weight": 1024
    },
    "0017": {
        "K": [
            [
                1100.0,
                0.0,
                512.0
            ],
            [
                0.0,
                1100.0,
                512.0
            ],
            [
                0.0,
                0.0,
                1.0
            ]
        ],
        "R": [
            [
                -0.9135454893112183,
                -1.3508303808862365e-08,
                0.40673667192459106
            ],
            [
                0.20336830615997314,
                -0.866025447845459,
                0.45677268505096436
            ],
            [
                0.35224422812461853,
                0.5,
                0.7911535501480103
            ]
        ],
        "T": [
            2.573458424137698e-08,
            -5.394145929926708e-08,
            2.5
        ],
        "height": 1024,
        "weight": 1024
    },
    "0018": {
        "K": [
            [
                1100.0,
                0.0,
                512.0
            ],
            [
                0.0,
                1100.0,
                512.0
            ],
            [
                0.0,
                0.0,
                1.0
            ]
        ],
        "R": [
            [
                -0.80901700258255,
                1.2888728306847952e-08,
                0.5877852439880371
            ],
            [
                0.2938925623893738,
                -0.8660253286361694,
                0.404508501291275
            ],
            [
                0.5090368390083313,
                0.4999999701976776,
                0.7006291747093201
            ]
        ],
        "T": [
            2.979888904519612e-07,
            2.8071871938095683e-08,
            2.5
        ],
        "height": 1024,
        "weight": 1024
    },
    "0019": {
        "K": [
            [
                1100.0,
                0.0,
                512.0
            ],
            [
                0.0,
                1100.0,
                512.0
            ],
            [
                0.0,
                0.0,
                1.0
            ]
        ],
        "R": [
            [
                -0.6691305637359619,
                2.4871393833336697e-08,
                0.7431448101997375
            ],
            [
                0.3715724050998688,
                -0.866025447845459,
                0.33456531167030334
            ],
            [
                0.643582284450531,
                0.5,
                0.5794841051101685
            ]
        ],
        "T": [
            3.7218438819763833e-07,
            -7.305970228799197e-08,
            2.499999761581421
        ],
        "height": 1024,
        "weight": 1024
    },
    "0020": {
        "K": [
            [
                1100.0,
                0.0,
                512.0
            ],
            [
                0.0,
                1100.0,
                512.0
            ],
            [
                0.0,
                0.0,
                1.0
            ]
        ],
        "R": [
            [
                -0.5,
                4.398349062739726e-08,
                0.866025447845459
            ],
            [
                0.43301263451576233,
                -0.8660253882408142,
                0.2499999701976776
            ],
            [
                0.75,
                0.4999999701976776,
                0.4330126941204071
            ]
        ],
        "T": [
            2.5823902660704334e-07,
            -2.1365964641972823e-07,
            2.499999761581421
        ],
        "height": 1024,
        "weight": 1024
    },
    "0021": {
        "K": [
            [
                1100.0,
                0.0,
                512.0
            ],
            [
                0.0,
                1100.0,
                512.0
            ],
            [
                0.0,
                0.0,
                1.0
            ]
        ],
        "R": [
            [
                -0.30901700258255005,
                1.109889780082085e-08,
                0.9510565400123596
            ],
            [
                0.4755282402038574,
                -0.8660253882408142,
                0.15450850129127502
            ],
            [
                0.8236390352249146,
                0.5,
                0.2676165699958801
            ]
        ],
        "T": [
            6.518138917499527e-08,
            -1.5532094721493195e-07,
            2.5
        ],
        "height": 1024,
        "weight": 1024
    },
    "0022": {
        "K": [
            [
                1100.0,
                0.0,
                512.0
            ],
            [
                0.0,
                1100.0,
                512.0
            ],
            [
                0.0,
                0.0,
                1.0
            ]
        ],
        "R": [
            [
                -0.10452847182750702,
                9.974810311064175e-09,
                0.9945219159126282
            ],
            [
                0.4972609579563141,
                -0.866025447845459,
                0.05226423963904381
            ],
            [
                0.8612812161445618,
                0.5,
                0.09052430093288422
            ]
        ],
        "T": [
            -1.9114105853645924e-08,
            -1.1922600151592633e-07,
            2.5
        ],
        "height": 1024,
        "weight": 1024
    },
    "0023": {
        "K": [
            [
                1100.0,
                0.0,
                512.0
            ],
            [
                0.0,
                1100.0,
                512.0
            ],
            [
                0.0,
                0.0,
                1.0
            ]
        ],
        "R": [
            [
                0.10452848672866821,
                1.3121735920051947e-09,
                0.9945219159126282
            ],
            [
                0.4972609579563141,
                -0.8660253882408142,
                -0.052264198660850525
            ],
            [
                0.8612810969352722,
                0.4999999403953552,
                -0.09052429348230362
            ]
        ],
        "T": [
            -9.623747132536664e-08,
            -2.5381453383488406e-07,
            2.499999523162842
        ],
        "height": 1024,
        "weight": 1024
    },
    "0024": {
        "K": [
            [
                1100.0,
                0.0,
                512.0
            ],
            [
                0.0,
                1100.0,
                512.0
            ],
            [
                0.0,
                0.0,
                1.0
            ]
        ],
        "R": [
            [
                0.30901700258255005,
                -1.109889780082085e-08,
                0.9510565400123596
            ],
            [
                0.4755282402038574,
                -0.8660253882408142,
                -0.15450851619243622
            ],
            [
                0.8236390352249146,
                0.5,
                -0.2676165997982025
            ]
        ],
        "T": [
            -1.2186877995645773e-07,
            -2.493497959221713e-07,
            2.5
        ],
        "height": 1024,
        "weight": 1024
    },
    "0025": {
        "K": [
            [
                1100.0,
                0.0,
                512.0
            ],
            [
                0.0,
                1100.0,
                512.0
            ],
            [
                0.0,
                0.0,
                1.0
            ]
        ],
        "R": [
            [
                0.5,
                -3.107870583107797e-08,
                0.8660253882408142
            ],
            [
                0.4330126643180847,
                -0.866025447845459,
                -0.25
            ],
            [
                0.7499999403953552,
                0.5,
                -0.4330127239227295
            ]
        ],
        "T": [
            -1.777440701289379e-07,
            -3.4721594488473784e-08,
            2.5
        ],
        "height": 1024,
        "weight": 1024
    },
    "0026": {
        "K": [
            [
                1100.0,
                0.0,
                512.0
            ],
            [
                0.0,
                1100.0,
                512.0
            ],
            [
                0.0,
                0.0,
                1.0
            ]
        ],
        "R": [
            [
                0.6691306233406067,
                1.3397147391458475e-08,
                0.7431448101997375
            ],
            [
                0.371572345495224,
                -0.8660253286361694,
                -0.33456525206565857
            ],
            [
                0.6435822248458862,
                0.5000000596046448,
                -0.5794841051101685
            ]
        ],
        "T": [
            7.756079867249355e-08,
            8.155000563725423e-10,
            2.500000238418579
        ],
        "height": 1024,
        "weight": 1024
    },
    "0027": {
        "K": [
            [
                1100.0,
                0.0,
                512.0
            ],
            [
                0.0,
                1100.0,
                512.0
            ],
            [
                0.0,
                0.0,
                1.0
            ]
        ],
        "R": [
            [
                0.80901700258255,
                -6.295507226639074e-09,
                0.5877852439880371
            ],
            [
                0.29389262199401855,
                -0.8660253286361694,
                -0.404508501291275
            ],
            [
                0.5090368986129761,
                0.5,
                -0.7006292343139648
            ]
        ],
        "T": [
            -2.0686266033465017e-09,
            1.539900296165797e-07,
            2.500000238418579
        ],
        "height": 1024,
        "weight": 1024
    },
    "0028": {
        "K": [
            [
                1100.0,
                0.0,
                512.0
            ],
            [
                0.0,
                1100.0,
                512.0
            ],
            [
                0.0,
                0.0,
                1.0
            ]
        ],
        "R": [
            [
                0.9135454893112183,
                4.302014744439475e-09,
                0.4067366421222687
            ],
            [
                0.20336832106113434,
                -0.8660253882408142,
                -0.45677268505096436
            ],
            [
                0.3522442877292633,
                0.5000000596046448,
                -0.7911534905433655
            ]
        ],
        "T": [
            -1.9769819559201096e-08,
            -9.060649119874142e-08,
            2.500000238418579
        ],
        "height": 1024,
        "weight": 1024
    },
    "0029": {
        "K": [
            [
                1100.0,
                0.0,
                512.0
            ],
            [
                0.0,
                1100.0,
                512.0
            ],
            [
                0.0,
                0.0,
                1.0
            ]
        ],
        "R": [
            [
                0.978147566318512,
                -5.4162012652625435e-09,
                0.2079116702079773
            ],
            [
                0.10395582765340805,
                -0.8660253882408142,
                -0.489073783159256
            ],
            [
                0.18005678057670593,
                0.5,
                -0.8471006751060486
            ]
        ],
        "T": [
            -2.3693486284059873e-08,
            -2.9586065153353047e-08,
            2.500000238418579
        ],
        "height": 1024,
        "weight": 1024
    },
    "0030": {
        "K": [
            [
                1100.0,
                0.0,
                512.0
            ],
            [
                0.0,
                1100.0,
                512.0
            ],
            [
                0.0,
                0.0,
                1.0
            ]
        ],
        "R": [
            [
                1.0,
                4.3837902752308366e-10,
                -1.498493951146429e-08
            ],
            [
                1.424266149463449e-09,
                -1.0,
                -1.293727969198244e-08
            ],
            [
                1.0388596649590909e-08,
                -6.402181895737158e-09,
                -1.0
            ]
        ],
        "T": [
            4.700165590065808e-08,
            1.8168710980148717e-08,
            2.5
        ],
        "height": 1024,
        "weight": 1024
    },
    "0031": {
        "K": [
            [
                1100.0,
                0.0,
                512.0
            ],
            [
                0.0,
                1100.0,
                512.0
            ],
            [
                0.0,
                0.0,
                1.0
            ]
        ],
        "R": [
            [
                0.9781476855278015,
                -9.022889102539011e-10,
                -0.2079116851091385
            ],
            [
                -1.5676503428707633e-09,
                -1.0,
                7.65038254968431e-09
            ],
            [
                -0.20791170001029968,
                -6.35342312094167e-09,
                -0.9781476259231567
            ]
        ],
        "T": [
            6.960313214676717e-08,
            -2.928122277978673e-08,
            2.5
        ],
        "height": 1024,
        "weight": 1024
    },
    "0032": {
        "K": [
            [
                1100.0,
                0.0,
                512.0
            ],
            [
                0.0,
                1100.0,
                512.0
            ],
            [
                0.0,
                0.0,
                1.0
            ]
        ],
        "R": [
            [
                0.9135454893112183,
                -3.905133993953314e-09,
                -0.40673667192459106
            ],
            [
                1.2890922773678426e-09,
                -1.0,
                1.529577020598083e-09
            ],
            [
                -0.4067366123199463,
                -5.269382707950854e-09,
                -0.9135454297065735
            ]
        ],
        "T": [
            1.603722807885788e-07,
            -9.15482689656244e-10,
            2.5
        ],
        "height": 1024,
        "weight": 1024
    },
    "0033": {
        "K": [
            [
                1100.0,
                0.0,
                512.0
            ],
            [
                0.0,
                1100.0,
                512.0
            ],
            [
                0.0,
                0.0,
                1.0
            ]
        ],
        "R": [
            [
                0.80901700258255,
                4.2006660372351234e-09,
                -0.5877851843833923
            ],
            [
                3.91003096567033e-09,
                -1.0,
                7.932824952483486e-10
            ],
            [
                -0.5877851843833923,
                6.9908470123891675e-09,
                -0.8090169429779053
            ]
        ],
        "T": [
            2.2791941489685996e-07,
            2.8098083859617873e-09,
            2.5
        ],
        "height": 1024,
        "weight": 1024
    },
    "0034": {
        "K": [
            [
                1100.0,
                0.0,
                512.0
            ],
            [
                0.0,
                1100.0,
                512.0
            ],
            [
                0.0,
                0.0,
                1.0
            ]
        ],
        "R": [
            [
                0.6691306829452515,
                -5.710768302691349e-09,
                -0.7431448101997375
            ],
            [
                2.4995707725850025e-09,
                -1.0,
                2.5281758908590746e-09
            ],
            [
                -0.7431448101997375,
                -3.2254596771252864e-09,
                -0.6691305637359619
            ]
        ],
        "T": [
            4.659018770780676e-08,
            -2.464044790428943e-08,
            2.499999761581421
        ],
        "height": 1024,
        "weight": 1024
    },
    "0035": {
        "K": [
            [
                1100.0,
                0.0,
                512.0
            ],
            [
                0.0,
                1100.0,
                512.0
            ],
            [
                0.0,
                0.0,
                1.0
            ]
        ],
        "R": [
            [
                0.5000000596046448,
                -8.119230621161933e-09,
                -0.8660253882408142
            ],
            [
                3.5935605602333e-09,
                -1.0,
                -6.534780272460239e-09
            ],
            [
                -0.8660253286361694,
                1.2585554820532252e-09,
                -0.4999999701976776
            ]
        ],
        "T": [
            -2.5809567816281742e-08,
            -5.816806147862508e-09,
            2.5
        ],
        "height": 1024,
        "weight": 1024
    },
    "0036": {
        "K": [
            [
                1100.0,
                0.0,
                512.0
            ],
            [
                0.0,
                1100.0,
                512.0
            ],
            [
                0.0,
                0.0,
                1.0
            ]
        ],
        "R": [
            [
                0.30901700258255005,
                -5.9533706853187596e-09,
                -0.9510565400123596
            ],
            [
                1.5116009555171672e-09,
                -1.0,
                -7.576043681289946e-10
            ],
            [
                -0.9510565400123596,
                -2.39530639767338e-09,
                -0.30901700258255005
            ]
        ],
        "T": [
            9.920292853848878e-08,
            -4.542177300947969e-09,
            2.5
        ],
        "height": 1024,
        "weight": 1024
    },
    "0037": {
        "K": [
            [
                1100.0,
                0.0,
                512.0
            ],
            [
                0.0,
                1100.0,
                512.0
            ],
            [
                0.0,
                0.0,
                1.0
            ]
        ],
        "R": [
            [
                0.10452846437692642,
                -6.1265876816207765e-09,
                -0.9945219159126282
            ],
            [
                -9.109418774855271e-10,
                -1.0,
                6.840345623260191e-09
            ],
            [
                -0.9945218563079834,
                -2.9576292526201087e-09,
                -0.10452846437692642
            ]
        ],
        "T": [
            5.39709006375233e-08,
            1.437036178941753e-08,
            2.499999761581421
        ],
        "height": 1024,
        "weight": 1024
    },
    "0038": {
        "K": [
            [
                1100.0,
                0.0,
                512.0
            ],
            [
                0.0,
                1100.0,
                512.0
            ],
            [
                0.0,
                0.0,
                1.0
            ]
        ],
        "R": [
            [
                -0.10452844202518463,
                -6.412932851418418e-09,
                -0.9945218563079834
            ],
            [
                1.2260934489916053e-09,
                -1.0,
                1.2603477372863381e-08
            ],
            [
                -0.9945218563079834,
                2.332324611220571e-10,
                0.10452843457460403
            ]
        ],
        "T": [
            -3.645913437821946e-08,
            6.274547992290991e-09,
            2.5
        ],
        "height": 1024,
        "weight": 1024
    },
    "0039": {
        "K": [
            [
                1100.0,
                0.0,
                512.0
            ],
            [
                0.0,
                1100.0,
                512.0
            ],
            [
                0.0,
                0.0,
                1.0
            ]
        ],
        "R": [
            [
                -0.30901700258255005,
                -6.799892648956529e-09,
                -0.9510565400123596
            ],
            [
                1.2368143176288982e-09,
                -1.0,
                2.130590814886091e-09
            ],
            [
                -0.9510564804077148,
                -2.100209728350677e-10,
                0.30901700258255005
            ]
        ],
        "T": [
            -1.3107820961977268e-07,
            1.4443419793508383e-08,
            2.5
        ],
        "height": 1024,
        "weight": 1024
    },
    "0040": {
        "K": [
            [
                1100.0,
                0.0,
                512.0
            ],
            [
                0.0,
                1100.0,
                512.0
            ],
            [
                0.0,
                0.0,
                1.0
            ]
        ],
        "R": [
            [
                -0.5000000596046448,
                -4.832318545311409e-09,
                -0.8660253286361694
            ],
            [
                -6.2437486292310496e-09,
                -1.0,
                3.620853394892265e-09
            ],
            [
                -0.8660253882408142,
                4.4345411787105604e-09,
                0.4999999403953552
            ]
        ],
        "T": [
            -1.8893921094331745e-08,
            1.8309649352232782e-09,
            2.5
        ],
        "height": 1024,
        "weight": 1024
    },
    "0041": {
        "K": [
            [
                1100.0,
                0.0,
                512.0
            ],
            [
                0.0,
                1100.0,
                512.0
            ],
            [
                0.0,
                0.0,
                1.0
            ]
        ],
        "R": [
            [
                -0.6691306233406067,
                -9.646569099075464e-10,
                -0.7431447505950928
            ],
            [
                -5.618781551142149e-10,
                -1.0,
                9.488204666396882e-10
            ],
            [
                -0.7431448101997375,
                -1.3213687921620476e-08,
                0.6691305637359619
            ]
        ],
        "T": [
            -1.351799454596403e-07,
            5.556255899819007e-09,
            2.499999761581421
        ],
        "height": 1024,
        "weight": 1024
    },
    "0042": {
        "K": [
            [
                1100.0,
                0.0,
                512.0
            ],
            [
                0.0,
                1100.0,
                512.0
            ],
            [
                0.0,
                0.0,
                1.0
            ]
        ],
        "R": [
            [
                -0.80901700258255,
                -4.1177643517187335e-09,
                -0.5877852439880371
            ],
            [
                -7.335849705469855e-09,
                -1.0,
                3.764228928559987e-09
            ],
            [
                -0.5877852439880371,
                4.921801188828567e-09,
                0.80901700258255
            ]
        ],
        "T": [
            -3.155062415771681e-07,
            -9.637234883207234e-16,
            2.5
        ],
        "height": 1024,
        "weight": 1024
    },
    "0043": {
        "K": [
            [
                1100.0,
                0.0,
                512.0
            ],
            [
